
Resp charges for organic molecule                                               

iqopt   irstrnt  ihfree     qwt
  2      1      1        0.001000

 rel.rms   dipole mom       Qxx      Qyy      Qzz
    0.07599   4.65991  26.33583  11.31477 -37.65060

          Point charges before & after optimization
    NO   At.No.    q0           q(opt)   IVARY  d(rstr)/dq 
     1     7  -1.010413      -1.010413  -99    0.000985
     2     6   0.145896       0.145896  -99    0.005654
     3     6   0.590481       0.590481  -99    0.001670
     4     6  -0.193707      -0.159185    0    0.005320
     5     6   0.500341       0.500341  -99    0.001960
     6     6  -0.419186      -0.485998    0    0.002015
     7     6  -0.551137      -0.485998    6    0.002015
     8     8  -0.604141      -0.604141  -99    0.001633
     9     8  -0.604141      -0.604141  -99    0.001633
    10     7  -0.655452      -0.655452  -99    0.001508
    11     6   0.023564       0.023564  -99    0.009733
    12     6   0.772391       0.772391  -99    0.001284
    13     8  -0.604090      -0.604090  -99    0.001633
    14     6   0.324336       0.324336  -99    0.002946
    15     8  -0.705400      -0.705400  -99    0.001404
    16     6  -0.365574      -0.372249    0    0.002594
    17     1   0.376742       0.376742  -99    0.000000
    18     1   0.376742       0.376742  -99    0.000000
    19     1   0.066992       0.066992  -99    0.000000
    20     1   0.062261       0.038890    0    0.000000
    21     1   0.043481       0.038890   20    0.000000
    22     1  -0.047064      -0.047064  -99    0.000000
    23     1   0.098141       0.104891    0    0.000000
    24     1   0.088897       0.104891   23    0.000000
    25     1   0.074381       0.104891   23    0.000000
    26     1   0.133660       0.104891   23    0.000000
    27     1   0.122784       0.104891   23    0.000000
    28     1   0.115243       0.104891   23    0.000000
    29     1   0.401551       0.401551  -99    0.000000
    30     1   0.401551       0.401551  -99    0.000000
    31     1   0.357984       0.357984  -99    0.000000
    32     1   0.122960       0.122960  -99    0.000000
    33     8  -0.686670      -0.686670  -99    0.001441
    34     1   0.024782       0.024782  -99    0.000000
    35     1   0.452970       0.452970  -99    0.000000
    36     1   0.093094       0.097501    0    0.000000
    37     1   0.095724       0.097501   36    0.000000
    38     1   0.098139       0.097501   36    0.000000
    39     1   0.481888       0.481888  -99    0.000000

        Statistics of the fitting:
  The initial sum of squares (ssvpot)                      2.533
  The residual sum of squares (chipot)                     0.015
  The std err of estimate (sqrt(chipot/N))               0.00129
  ESP relative RMS (SQRT(chipot/ssvpot))                 0.07599

 Dipole Moment (Debye)=   4.65991
