#Frame     RMSD_00001
       1       0.6689
       2       0.7372
       3       0.8027
       4       0.8914
       5       1.0152
       6       0.9522
       7       0.9186
       8       0.8730
       9       0.9664
      10       0.9835
      11       0.9344
      12       1.0819
      13       0.9272
      14       0.9644
      15       0.9131
      16       1.0931
      17       1.0621
      18       1.0953
      19       1.0905
      20       1.0173
      21       1.0325
      22       1.0338
      23       1.0400
      24       0.9681
      25       1.0591
      26       1.0403
      27       1.0277
      28       0.9529
      29       0.9727
      30       0.9704
      31       1.0104
      32       0.9798
      33       1.0061
      34       0.9552
      35       1.0479
      36       1.0594
      37       1.1709
      38       1.0106
      39       1.0247
      40       1.1047
      41       1.0691
      42       1.1752
      43       1.1006
      44       1.1102
      45       1.2225
      46       1.2024
      47       1.1666
      48       1.2515
      49       1.1818
      50       1.1867
      51       1.1987
      52       1.2034
      53       1.2394
      54       1.3050
      55       1.2434
      56       1.2453
      57       1.2902
      58       1.2859
      59       1.2380
      60       1.2713
      61       1.2764
      62       1.2215
      63       1.3149
      64       1.2704
      65       1.4714
      66       1.4873
      67       1.3108
      68       1.2529
      69       1.2322
      70       1.2031
      71       1.1471
      72       1.3693
      73       1.4186
      74       1.4340
      75       1.3322
      76       1.3711
      77       1.3700
      78       1.2526
      79       1.3096
      80       1.3875
      81       1.4059
      82       1.3618
      83       1.5116
      84       1.4976
      85       1.3940
      86       1.4411
      87       1.1850
      88       1.3626
      89       1.2691
      90       1.4055
      91       1.3266
      92       1.3895
      93       1.3829
      94       1.3516
      95       1.4170
      96       1.4286
      97       1.4096
      98       1.3631
      99       1.3436
     100       1.2567
     101       1.2972
     102       1.2976
     103       1.3833
     104       1.3964
     105       1.3411
     106       1.3986
     107       1.5212
     108       1.3565
     109       1.3323
     110       1.3335
     111       1.3790
     112       1.3512
     113       1.4286
     114       1.4770
     115       1.3649
     116       1.4409
     117       1.3695
     118       1.4371
     119       1.3647
     120       1.3938
     121       1.3526
     122       1.4469
     123       1.5597
     124       1.5928
     125       1.5258
     126       1.4180
     127       1.4379
     128       1.4988
     129       1.5680
     130       1.4449
     131       1.4272
     132       1.4956
     133       1.4732
     134       1.5192
     135       1.4200
     136       1.2888
     137       1.2722
     138       1.2837
     139       1.4119
     140       1.2727
     141       1.1519
     142       1.1721
     143       1.2766
     144       1.3049
     145       1.1947
     146       1.2857
     147       1.2322
     148       1.2165
     149       1.3329
     150       1.4395
     151       1.3311
     152       1.3806
     153       1.3101
     154       1.4495
     155       1.4863
     156       1.3401
     157       1.2498
     158       1.3581
     159       1.3367
     160       1.3756
     161       1.3779
     162       1.4406
     163       1.4834
     164       1.4699
     165       1.4424
     166       1.5828
     167       1.5128
     168       1.3783
     169       1.3875
     170       1.4878
     171       1.4678
     172       1.3912
     173       1.3573
     174       1.4517
     175       1.3078
     176       1.2949
     177       1.4022
     178       1.4929
     179       1.4376
     180       1.3834
     181       1.3428
     182       1.3323
     183       1.3145
     184       1.4239
     185       1.4121
     186       1.5098
     187       1.5061
     188       1.5517
     189       1.5820
     190       1.4382
     191       1.4438
     192       1.4911
     193       1.3321
     194       1.4690
     195       1.4225
     196       1.4526
     197       1.3039
     198       1.4372
     199       1.4390
     200       1.4331
     201       1.3296
     202       1.3018
     203       1.4171
     204       1.3922
     205       1.3398
     206       1.3528
     207       1.3198
     208       1.3312
     209       1.3238
     210       1.2961
     211       1.3810
     212       1.4888
     213       1.3980
     214       1.4471
     215       1.2861
     216       1.4716
     217       1.4773
     218       1.3602
     219       1.3872
     220       1.3353
     221       1.3484
     222       1.2941
     223       1.2835
     224       1.3505
     225       1.4461
     226       1.4339
     227       1.4714
     228       1.5388
     229       1.5230
     230       1.4970
     231       1.4896
     232       1.4419
     233       1.4072
     234       1.2377
     235       1.3566
     236       1.3024
     237       1.3567
     238       1.3162
     239       1.3862
     240       1.4412
     241       1.3871
     242       1.4572
     243       1.4907
     244       1.4120
     245       1.4195
     246       1.5507
     247       1.4454
     248       1.4343
     249       1.4289
     250       1.4669
     251       1.4083
     252       1.4798
     253       1.3766
     254       1.4327
     255       1.6288
     256       1.5089
     257       1.4713
     258       1.5388
     259       1.5534
     260       1.6109
     261       1.6733
     262       1.4844
     263       1.5665
     264       1.5025
     265       1.4612
     266       1.5349
     267       1.5442
     268       1.5615
     269       1.5128
     270       1.5928
     271       1.6274
     272       1.5965
     273       1.5976
     274       1.5886
     275       1.5185
     276       1.3772
     277       1.4253
     278       1.4561
     279       1.5611
     280       1.4827
     281       1.4270
     282       1.4499
     283       1.4127
     284       1.5265
     285       1.4907
     286       1.5108
     287       1.4408
     288       1.4343
     289       1.4306
     290       1.3506
     291       1.3620
     292       1.4968
     293       1.4048
     294       1.3700
     295       1.3113
     296       1.3812
     297       1.4829
     298       1.4559
     299       1.3827
     300       1.4652
     301       1.4167
     302       1.4137
     303       1.3546
     304       1.4200
     305       1.4429
     306       1.4745
     307       1.5120
     308       1.4373
     309       1.4033
     310       1.4516
     311       1.4070
     312       1.3147
     313       1.3360
     314       1.3695
     315       1.4181
     316       1.5320
     317       1.4837
     318       1.4771
     319       1.4420
     320       1.3844
     321       1.4536
     322       1.4191
     323       1.4085
     324       1.5177
     325       1.5511
     326       1.5428
     327       1.6037
     328       1.5479
     329       1.4550
     330       1.4503
     331       1.4341
     332       1.4161
     333       1.4466
     334       1.5197
     335       1.5113
     336       1.5061
     337       1.5950
     338       1.5836
     339       1.4873
     340       1.4821
     341       1.5247
     342       1.4934
     343       1.5442
     344       1.4983
     345       1.4585
     346       1.4320
     347       1.4227
     348       1.4152
     349       1.2956
     350       1.3633
     351       1.4458
     352       1.4770
     353       1.3721
     354       1.3310
     355       1.4701
     356       1.3776
     357       1.3878
     358       1.3129
     359       1.2799
     360       1.2927
     361       1.2537
     362       1.2782
     363       1.3592
     364       1.4087
     365       1.4143
     366       1.3949
     367       1.3269
     368       1.3917
     369       1.2795
     370       1.3369
     371       1.2084
     372       1.2302
     373       1.2453
     374       1.2615
     375       1.2388
     376       1.2949
     377       1.3634
     378       1.3308
     379       1.3357
     380       1.4029
     381       1.4169
     382       1.4020
     383       1.4603
     384       1.4963
     385       1.4884
     386       1.4998
     387       1.4362
     388       1.4417
     389       1.3999
     390       1.3241
     391       1.3783
     392       1.4245
     393       1.4565
     394       1.4731
     395       1.4769
     396       1.4913
     397       1.4451
     398       1.4582
     399       1.5019
     400       1.4159
     401       1.4146
     402       1.3480
     403       1.4173
     404       1.4740
     405       1.4263
     406       1.3997
     407       1.3184
     408       1.3394
     409       1.3469
     410       1.3802
     411       1.2403
     412       1.2930
     413       1.2823
     414       1.2836
     415       1.4094
     416       1.4452
     417       1.3548
     418       1.4067
     419       1.4390
     420       1.5644
     421       1.6238
     422       1.5294
     423       1.4462
     424       1.3973
     425       1.3715
     426       1.3174
     427       1.3663
     428       1.3316
     429       1.2546
     430       1.2894
     431       1.4214
     432       1.4459
     433       1.4132
     434       1.3345
     435       1.3916
     436       1.4981
     437       1.3973
     438       1.3641
     439       1.3502
     440       1.3072
     441       1.3669
     442       1.4715
     443       1.3490
     444       1.2711
     445       1.2938
     446       1.3447
     447       1.4329
     448       1.3831
     449       1.3494
     450       1.2898
     451       1.2959
     452       1.3386
     453       1.4112
     454       1.3878
     455       1.4285
     456       1.4787
     457       1.4214
     458       1.4232
     459       1.5117
     460       1.4306
     461       1.5229
     462       1.5217
     463       1.5203
     464       1.5211
     465       1.4718
     466       1.4908
     467       1.5135
     468       1.4174
     469       1.4508
     470       1.4178
     471       1.5113
     472       1.5074
     473       1.4520
     474       1.5907
     475       1.5237
     476       1.5380
     477       1.5620
     478       1.5968
     479       1.5487
     480       1.4540
     481       1.5278
     482       1.5448
     483       1.5096
     484       1.4592
     485       1.5132
     486       1.5661
     487       1.5348
     488       1.5412
     489       1.5447
     490       1.6542
     491       1.6830
     492       1.6346
     493       1.6328
     494       1.6044
     495       1.6509
     496       1.7272
     497       1.6802
     498       1.5255
     499       1.6001
     500       1.6584
     501       1.6530
     502       1.6253
     503       1.6641
     504       1.6144
     505       1.6212
     506       1.5381
     507       1.5556
     508       1.7166
     509       1.6535
     510       1.6720
     511       1.6625
     512       1.6694
     513       1.6453
     514       1.5810
     515       1.5748
     516       1.5662
     517       1.6007
     518       1.6525
     519       1.6155
     520       1.6068
     521       1.5406
     522       1.6001
     523       1.6763
     524       1.5871
     525       1.5871
     526       1.6256
     527       1.6105
     528       1.6314
     529       1.6598
     530       1.5899
     531       1.5160
     532       1.5778
     533       1.5686
     534       1.5398
     535       1.5475
     536       1.6170
     537       1.5115
     538       1.5506
     539       1.6085
     540       1.6197
     541       1.6727
     542       1.5723
     543       1.5072
     544       1.5629
     545       1.5432
     546       1.6175
     547       1.5931
     548       1.6678
     549       1.6497
     550       1.5728
     551       1.5815
     552       1.5809
     553       1.5136
     554       1.4684
     555       1.4786
     556       1.5159
     557       1.4667
     558       1.5176
     559       1.5088
     560       1.4738
     561       1.5366
     562       1.5847
     563       1.6052
     564       1.5901
     565       1.4621
     566       1.5628
     567       1.4580
     568       1.4680
     569       1.5438
     570       1.5884
     571       1.5367
     572       1.5340
     573       1.4758
     574       1.4345
     575       1.3732
     576       1.3746
     577       1.4120
     578       1.3978
     579       1.4291
     580       1.3656
     581       1.3455
     582       1.4106
     583       1.4493
     584       1.5669
     585       1.5877
     586       1.5938
     587       1.6129
     588       1.6229
     589       1.6060
     590       1.5577
     591       1.5529
     592       1.5268
     593       1.4592
     594       1.4309
     595       1.4564
     596       1.5344
     597       1.5612
     598       1.6181
     599       1.5526
     600       1.5157
     601       1.4963
     602       1.5540
     603       1.6107
     604       1.5815
     605       1.5264
     606       1.5646
     607       1.5669
     608       1.5450
     609       1.5494
     610       1.5246
     611       1.6382
     612       1.5732
     613       1.5924
     614       1.6370
     615       1.5300
     616       1.5188
     617       1.4998
     618       1.5379
     619       1.4197
     620       1.5582
     621       1.5946
     622       1.6199
     623       1.5480
     624       1.6020
     625       1.6555
     626       1.6462
     627       1.7283
     628       1.7400
     629       1.7467
     630       1.7613
     631       1.7388
     632       1.6337
     633       1.7085
     634       1.6488
     635       1.6700
     636       1.5828
     637       1.6544
     638       1.5853
     639       1.5181
     640       1.5396
     641       1.5592
     642       1.4933
     643       1.5406
     644       1.4489
     645       1.3684
     646       1.4629
     647       1.4221
     648       1.5029
     649       1.3981
     650       1.4863
     651       1.4769
     652       1.5199
     653       1.5931
     654       1.6323
     655       1.5908
     656       1.7105
     657       1.6791
     658       1.6994
     659       1.8083
     660       1.8494
     661       1.8726
     662       1.8722
     663       1.8057
     664       1.6950
     665       1.8103
     666       1.8636
     667       1.8526
     668       1.7500
     669       1.6629
     670       1.8362
     671       1.7448
     672       1.7374
     673       1.7056
     674       1.8342
     675       1.9521
     676       1.7763
     677       1.7331
     678       1.7512
     679       1.7051
     680       1.6763
     681       1.6928
     682       1.7481
     683       1.6532
     684       1.7176
     685       1.7981
     686       1.8256
     687       1.8130
     688       1.7521
     689       1.7906
     690       1.7404
     691       1.7850
     692       1.6407
     693       1.6229
     694       1.5003
     695       1.5856
     696       1.4914
     697       1.5864
     698       1.5839
     699       1.5635
     700       1.5330
     701       1.6710
     702       1.6444
     703       1.7343
     704       1.7533
     705       1.8151
     706       1.8630
     707       1.7674
     708       1.7746
     709       1.9497
     710       2.0666
     711       2.0004
     712       2.0179
     713       2.0403
     714       2.1162
     715       2.0184
     716       2.0379
     717       2.1346
     718       1.9984
     719       2.0766
     720       1.9952
     721       2.0269
     722       2.1302
     723       2.0820
     724       1.9144
     725       1.9075
     726       1.8655
     727       1.7013
     728       1.7823
     729       1.7133
     730       1.6437
     731       1.6922
     732       1.6599
     733       1.7605
     734       1.8292
     735       1.7858
     736       1.7242
     737       1.6404
     738       1.7746
     739       1.6644
     740       1.7773
     741       1.7418
     742       1.7129
     743       1.7148
     744       1.7123
     745       1.6406
     746       1.5955
     747       1.6908
     748       1.6907
     749       1.6956
     750       1.6530
     751       1.8120
     752       1.7179
     753       1.7471
     754       1.7686
     755       1.7806
     756       1.7634
     757       1.7702
     758       1.7170
     759       1.6830
     760       1.7449
     761       1.7809
     762       1.7809
     763       1.8859
     764       1.7423
     765       1.6899
     766       1.6712
     767       1.6543
     768       1.6250
     769       1.6245
     770       1.7022
     771       1.8007
     772       1.8849
     773       1.9388
     774       1.8628
     775       1.8931
     776       1.9243
     777       1.8265
     778       1.9862
     779       1.8794
     780       1.8513
     781       1.8485
     782       1.9685
     783       1.8742
     784       1.7486
     785       1.7413
     786       1.8116
     787       1.8088
     788       1.8365
     789       1.9292
     790       2.0344
     791       2.0623
     792       1.9622
     793       2.0342
     794       1.9311
     795       1.9972
     796       2.0032
     797       1.9603
     798       2.0077
     799       2.0595
     800       2.0095
     801       2.0156
     802       2.0300
     803       1.9987
     804       1.9950
     805       1.8905
     806       1.8795
     807       1.9298
     808       1.9384
     809       1.9844
     810       2.0757
     811       2.1879
     812       1.9428
     813       1.9159
     814       1.9482
     815       1.9896
     816       1.9335
     817       1.9669
     818       1.9040
     819       1.9245
     820       1.8691
     821       1.8566
     822       1.8407
     823       1.7895
     824       1.8152
     825       1.8831
     826       1.7920
     827       1.7894
     828       1.6603
     829       1.7589
     830       1.7942
     831       1.7594
     832       1.8689
     833       1.8982
     834       1.7722
     835       1.7664
     836       1.7423
     837       1.6950
     838       1.7124
     839       1.7991
     840       1.7147
     841       1.8048
     842       1.7880
     843       1.8688
     844       1.8353
     845       1.8117
     846       1.8391
     847       1.7807
     848       1.8038
     849       1.8771
     850       1.8290
     851       1.8900
     852       1.8907
     853       1.8797
     854       1.9771
     855       1.9771
     856       1.9749
     857       1.8164
     858       1.7730
     859       1.7596
     860       1.8533
     861       1.7353
     862       1.7613
     863       1.8668
     864       1.8396
     865       1.7123
     866       1.7144
     867       1.7205
     868       1.8125
     869       1.6699
     870       1.7946
     871       1.8375
     872       1.8693
     873       1.7971
     874       1.8343
     875       1.8414
     876       1.8570
     877       1.8051
     878       1.8584
     879       1.8187
     880       1.8079
     881       1.9245
     882       1.9381
     883       2.0282
     884       1.9267
     885       1.9166
     886       2.0621
     887       2.0597
     888       1.8995
     889       1.9030
     890       1.9010
     891       1.8635
     892       1.7863
     893       1.7916
     894       1.7130
     895       1.8424
     896       1.7598
     897       1.8720
     898       1.7930
     899       1.8347
     900       1.7855
     901       1.8188
     902       1.8045
     903       1.7158
     904       1.8358
     905       1.7268
     906       1.7389
     907       1.7446
     908       1.7853
     909       1.7563
     910       1.8335
     911       1.8490
     912       1.8592
     913       1.7583
     914       1.8114
     915       1.9031
     916       1.7723
     917       1.7346
     918       1.8151
     919       1.8775
     920       1.8022
     921       1.8106
     922       1.8566
     923       1.8835
     924       2.0532
     925       1.9816
     926       1.9964
     927       1.8681
     928       1.8908
     929       1.8847
     930       1.8189
     931       1.7975
     932       1.8241
     933       1.8078
     934       1.7391
     935       1.6477
     936       1.7934
     937       1.7896
     938       1.8048
     939       1.8688
     940       1.8250
     941       1.8667
     942       1.7811
     943       1.7231
     944       1.7850
     945       1.7749
     946       1.8055
     947       1.8846
     948       1.8849
     949       1.8892
     950       1.8228
     951       1.8504
     952       1.7504
     953       1.6361
     954       1.6851
     955       1.6084
     956       1.7522
     957       1.7019
     958       1.7590
     959       1.7432
     960       1.6927
     961       1.7511
     962       1.7878
     963       1.7596
     964       1.7572
     965       1.8190
     966       1.8842
     967       1.8267
     968       1.7127
     969       1.8091
     970       1.8880
     971       1.7894
     972       1.7892
     973       1.7384
     974       1.8438
     975       1.7610
     976       1.7049
     977       1.6702
     978       1.7619
     979       1.8152
     980       1.7147
     981       1.7644
     982       1.7234
     983       1.7805
     984       1.7521
     985       1.8481
     986       1.7895
     987       1.8304
     988       1.8265
     989       1.8441
     990       1.8615
     991       1.7807
     992       1.8100
     993       1.9008
     994       1.9119
     995       1.7963
     996       1.7653
     997       1.7051
     998       1.7881
     999       1.8338
    1000       1.7491
    1001       1.6546
    1002       1.6915
    1003       1.7319
    1004       1.7304
    1005       1.6829
    1006       1.7162
    1007       1.6583
    1008       1.7730
    1009       1.7070
    1010       1.7120
    1011       1.7156
    1012       1.7058
    1013       1.7593
    1014       1.7835
    1015       1.7834
    1016       1.7926
    1017       1.9105
    1018       1.8457
    1019       1.8364
    1020       1.8669
    1021       1.8274
    1022       1.9129
    1023       1.7707
    1024       1.7767
    1025       1.7182
    1026       1.7625
    1027       1.8237
    1028       1.6917
    1029       1.8200
    1030       1.8802
    1031       1.8318
    1032       1.8534
    1033       1.8072
    1034       1.8554
    1035       1.7733
    1036       1.9011
    1037       2.0147
    1038       1.8966
    1039       1.9451
    1040       1.8793
    1041       1.8846
    1042       1.7942
    1043       1.7720
    1044       1.8051
    1045       1.7314
    1046       1.7708
    1047       1.7860
    1048       1.7877
    1049       1.8163
    1050       1.8854
    1051       1.8161
    1052       1.8542
    1053       1.7836
    1054       1.9482
    1055       1.9188
    1056       1.8646
    1057       1.8323
    1058       1.8365
    1059       1.8743
    1060       1.8066
    1061       1.8999
    1062       1.9329
    1063       1.8362
    1064       1.8016
    1065       1.8068
    1066       1.8225
    1067       1.8814
    1068       1.8937
    1069       1.8948
    1070       1.7217
    1071       1.8402
    1072       1.7991
    1073       1.8643
    1074       1.9211
    1075       1.7544
    1076       1.8391
    1077       1.8745
    1078       1.7721
    1079       1.7803
    1080       1.8377
    1081       1.7697
    1082       1.7833
    1083       1.8195
    1084       1.6632
    1085       1.7575
    1086       1.7723
    1087       1.7405
    1088       1.7833
    1089       1.8076
    1090       1.7684
    1091       1.8702
    1092       1.8107
    1093       1.8598
    1094       1.8206
    1095       1.7309
    1096       1.7552
    1097       1.8154
    1098       1.7920
    1099       1.8188
    1100       1.7636
    1101       1.8312
    1102       1.9443
    1103       1.8806
    1104       1.9610
    1105       1.9131
    1106       1.8963
    1107       1.9478
    1108       1.9684
    1109       1.8770
    1110       1.9343
    1111       1.9623
    1112       1.9848
    1113       2.0444
    1114       2.0496
    1115       1.9850
    1116       2.0138
    1117       2.1494
    1118       2.1088
    1119       1.9766
    1120       1.9561
    1121       1.9445
    1122       1.8761
    1123       1.8492
    1124       1.9592
    1125       2.0030
    1126       1.9618
    1127       1.9677
    1128       1.9041
    1129       1.9686
    1130       1.8975
    1131       1.8739
    1132       2.0156
    1133       1.9786
    1134       1.8209
    1135       1.9534
    1136       2.0168
    1137       1.9968
    1138       2.0992
    1139       1.9459
    1140       2.0197
    1141       1.9804
    1142       1.9024
    1143       1.9510
    1144       2.1157
    1145       2.1089
    1146       2.1521
    1147       2.1453
    1148       1.9469
    1149       2.0297
    1150       2.1905
    1151       2.1126
    1152       2.0776
    1153       2.0226
    1154       2.0785
    1155       2.1819
    1156       2.1389
    1157       2.0770
    1158       2.1104
    1159       1.9984
    1160       2.1231
    1161       2.0269
    1162       2.0640
    1163       2.0369
    1164       2.0928
    1165       2.2309
    1166       2.2484
    1167       2.1900
    1168       2.2301
    1169       2.1381
    1170       2.1954
    1171       2.1883
    1172       2.1535
    1173       2.1471
    1174       2.2213
    1175       2.2007
    1176       2.1384
    1177       2.0580
    1178       2.1225
    1179       2.0382
    1180       2.1375
    1181       2.2017
    1182       2.1540
    1183       2.1695
    1184       2.0805
    1185       2.1323
    1186       2.1467
    1187       2.2016
    1188       2.0978
    1189       2.1863
    1190       2.1994
    1191       2.1108
    1192       2.1197
    1193       2.1830
    1194       2.0703
    1195       2.0501
    1196       2.0083
    1197       1.9716
    1198       1.9922
    1199       1.9326
    1200       1.8133
    1201       1.8818
    1202       1.9234
    1203       2.0273
    1204       2.0077
    1205       2.0434
    1206       1.9768
    1207       1.9899
    1208       2.0108
    1209       2.0038
    1210       1.9403
    1211       2.0571
    1212       2.0501
    1213       1.9609
    1214       2.0631
    1215       2.0123
    1216       2.0033
    1217       1.9172
    1218       2.0027
    1219       1.9757
    1220       1.9703
    1221       2.0067
    1222       2.0026
    1223       1.9934
    1224       2.1060
    1225       2.0256
    1226       2.0962
    1227       2.0324
    1228       2.0640
    1229       2.0737
    1230       2.0217
    1231       2.1933
    1232       2.1770
    1233       2.1316
    1234       2.0920
    1235       2.1278
    1236       2.1104
    1237       2.1906
    1238       2.1243
    1239       2.1591
    1240       2.2126
    1241       2.1156
    1242       2.1088
    1243       2.0703
    1244       2.0436
    1245       1.9718
    1246       1.9879
    1247       1.9948
    1248       2.0978
    1249       1.9532
    1250       2.0159
    1251       2.0629
    1252       2.1305
    1253       2.1247
    1254       2.1680
    1255       2.1410
    1256       2.1502
    1257       2.0927
    1258       2.0447
    1259       2.0093
    1260       1.9479
    1261       1.8851
    1262       1.8786
    1263       1.9260
    1264       1.9032
    1265       1.8913
    1266       2.0014
    1267       1.9213
    1268       1.7572
    1269       1.7750
    1270       1.7017
    1271       1.7767
    1272       1.8817
    1273       1.8173
    1274       1.9961
    1275       2.0135
    1276       1.8390
    1277       1.9356
    1278       1.9118
    1279       1.8963
    1280       1.8738
    1281       1.9885
    1282       1.9563
    1283       2.0192
    1284       2.1584
    1285       2.0836
    1286       2.0885
    1287       1.9236
    1288       1.9693
    1289       2.0043
    1290       1.8914
    1291       1.8921
    1292       1.8702
    1293       1.9677
    1294       1.9520
    1295       2.0013
    1296       2.0513
    1297       2.1686
    1298       2.0445
    1299       1.9810
    1300       2.0322
    1301       2.1487
    1302       2.0630
    1303       2.0909
    1304       2.1685
    1305       2.1117
    1306       2.0310
    1307       1.9967
    1308       2.0261
    1309       2.1178
    1310       2.0608
    1311       1.9818
    1312       2.0134
    1313       2.0479
    1314       2.1698
    1315       2.1642
    1316       2.2440
    1317       2.1604
    1318       2.2560
    1319       2.0622
    1320       2.0993
    1321       2.2086
    1322       2.1604
    1323       2.1866
    1324       2.2145
    1325       2.0727
    1326       2.1526
    1327       2.1673
    1328       2.1692
    1329       2.0839
    1330       2.0719
    1331       2.0423
    1332       2.0836
    1333       2.1619
    1334       2.0625
    1335       2.1154
    1336       2.0774
    1337       2.1417
    1338       2.0947
    1339       2.0413
    1340       2.1021
    1341       2.1675
    1342       2.0441
    1343       2.0670
    1344       2.0626
    1345       1.9912
    1346       2.1203
    1347       2.0931
    1348       2.0822
    1349       2.0416
    1350       2.1024
    1351       2.1421
    1352       2.0363
    1353       2.1377
    1354       2.1831
    1355       2.1849
    1356       2.1816
    1357       2.1020
    1358       2.0781
    1359       2.1492
    1360       2.0998
    1361       1.9661
    1362       1.9776
    1363       1.9985
    1364       2.1262
    1365       2.0871
    1366       2.1131
    1367       2.1743
    1368       2.1956
    1369       2.1393
    1370       2.0816
    1371       2.0856
    1372       2.1020
    1373       2.0496
    1374       2.1660
    1375       2.1597
    1376       2.2586
    1377       2.3325
    1378       2.2014
    1379       2.1981
    1380       2.1475
    1381       2.1947
    1382       2.1227
    1383       2.1403
    1384       2.1067
    1385       2.1201
    1386       2.2309
    1387       2.1845
    1388       2.1050
    1389       2.1229
    1390       2.1264
    1391       2.1350
    1392       2.1130
    1393       2.0041
    1394       2.0865
    1395       2.1613
    1396       2.1231
    1397       2.1479
    1398       2.1510
    1399       2.1954
    1400       2.1146
    1401       2.1386
    1402       2.0703
    1403       1.9713
    1404       1.9940
    1405       2.0971
    1406       1.9775
    1407       1.9866
    1408       1.9633
    1409       1.9710
    1410       2.0188
    1411       2.0232
    1412       2.0215
    1413       2.0731
    1414       2.0340
    1415       2.1175
    1416       1.9968
    1417       2.0089
    1418       2.0325
    1419       1.9738
    1420       2.0067
    1421       1.9948
    1422       1.8799
    1423       1.8530
    1424       1.8823
    1425       1.9149
    1426       1.9713
    1427       1.8939
    1428       1.9674
    1429       2.0483
    1430       1.9991
    1431       1.9185
    1432       1.9124
    1433       1.9188
    1434       2.0005
    1435       2.0569
    1436       2.0320
    1437       1.9677
    1438       1.9426
    1439       1.9008
    1440       1.9382
    1441       1.9177
    1442       1.9461
    1443       2.0696
    1444       1.9892
    1445       2.0984
    1446       2.0115
    1447       2.0180
    1448       1.9750
    1449       1.9440
    1450       2.0039
    1451       2.0938
    1452       2.0972
    1453       2.0081
    1454       2.0729
    1455       2.0871
    1456       2.0272
    1457       2.0376
    1458       2.0713
    1459       2.0754
    1460       2.0682
    1461       2.1599
    1462       2.1669
    1463       2.1603
    1464       2.1488
    1465       2.0943
    1466       2.1178
    1467       2.0686
    1468       2.1410
    1469       2.1140
    1470       2.1677
    1471       2.1205
    1472       2.1703
    1473       2.1218
    1474       2.1129
    1475       2.0421
    1476       2.0326
    1477       1.9657
    1478       2.0898
    1479       2.0486
    1480       2.0998
    1481       2.0854
    1482       2.0735
    1483       2.0440
    1484       2.0166
    1485       2.0969
    1486       2.1936
    1487       2.1475
    1488       2.1168
    1489       2.1239
    1490       1.9807
    1491       2.0051
    1492       2.0691
    1493       2.1048
    1494       2.1323
    1495       2.1159
    1496       2.0870
    1497       2.0280
    1498       1.9998
    1499       1.9976
    1500       2.0891
    1501       2.1344
    1502       2.0643
    1503       2.1706
    1504       2.1065
    1505       2.1661
    1506       2.0609
    1507       2.0505
    1508       2.0707
    1509       2.1236
    1510       2.1299
    1511       2.1431
    1512       2.0168
    1513       1.9856
    1514       1.9983
    1515       2.1394
    1516       2.1420
    1517       1.9791
    1518       2.0526
    1519       2.1189
    1520       2.0382
    1521       2.1332
    1522       2.1632
    1523       1.9524
    1524       2.0198
    1525       2.1124
    1526       1.9861
    1527       2.0671
    1528       1.9875
    1529       2.0335
    1530       1.9132
    1531       1.9688
    1532       2.1148
    1533       1.9723
    1534       1.9618
    1535       1.9468
    1536       1.9107
    1537       1.9614
    1538       2.0295
    1539       1.9507
    1540       1.9971
    1541       2.0266
    1542       2.1090
    1543       2.1128
    1544       2.0618
    1545       2.0672
    1546       2.0658
    1547       2.0904
    1548       2.0527
    1549       2.0018
    1550       2.1193
    1551       2.1014
    1552       2.1413
    1553       2.1525
    1554       2.1164
    1555       2.0990
    1556       1.9753
    1557       1.9879
    1558       1.9653
    1559       1.9295
    1560       2.0526
    1561       2.0581
    1562       2.0504
    1563       2.0771
    1564       2.0456
    1565       2.0212
    1566       2.0597
    1567       2.1535
    1568       2.0235
    1569       2.1082
    1570       2.1103
    1571       2.1849
    1572       2.1343
    1573       2.1725
    1574       2.1164
    1575       2.1606
    1576       2.1907
    1577       2.0530
    1578       2.0468
    1579       2.0135
    1580       2.0665
    1581       1.9914
    1582       2.0470
    1583       2.0043
    1584       2.0020
    1585       2.0242
    1586       2.0638
    1587       2.0333
    1588       2.1192
    1589       2.0480
    1590       2.0878
    1591       2.1832
    1592       2.0523
    1593       2.0820
    1594       2.0989
    1595       2.2656
    1596       2.1483
    1597       2.2644
    1598       2.2280
    1599       2.1345
    1600       2.1257
    1601       2.0887
    1602       2.0837
    1603       2.0996
    1604       2.0908
    1605       2.1496
    1606       2.1495
    1607       2.2320
    1608       2.2775
    1609       2.4325
    1610       2.3417
    1611       2.3367
    1612       2.2636
    1613       2.1844
    1614       2.2473
    1615       2.2268
    1616       2.2932
    1617       2.2141
    1618       2.2090
    1619       2.2754
    1620       2.2691
    1621       2.1868
    1622       2.1686
    1623       2.2084
    1624       2.1204
    1625       2.1909
    1626       2.1884
    1627       2.2196
    1628       2.1953
    1629       2.2520
    1630       2.2854
    1631       2.2273
    1632       2.2904
    1633       2.1779
    1634       2.1351
    1635       2.0944
    1636       1.9828
    1637       1.9976
    1638       2.0330
    1639       2.0565
    1640       2.0188
    1641       2.0011
    1642       2.0473
    1643       2.1014
    1644       2.1449
    1645       2.1055
    1646       2.1984
    1647       2.1726
    1648       2.1077
    1649       2.0450
    1650       2.0089
    1651       2.0830
    1652       2.1183
    1653       2.0597
    1654       1.9700
    1655       2.0023
    1656       1.9935
    1657       1.9348
    1658       2.0699
    1659       2.1043
    1660       2.0351
    1661       2.0082
    1662       2.0405
    1663       2.1009
    1664       2.0695
    1665       1.9670
    1666       2.0363
    1667       1.9765
    1668       2.0259
    1669       2.0739
    1670       2.0833
    1671       2.0125
    1672       2.0476
    1673       2.0543
    1674       2.0552
    1675       2.0587
    1676       2.0559
    1677       2.0913
    1678       1.9873
    1679       2.0269
    1680       2.0216
    1681       2.0194
    1682       1.9947
    1683       2.0853
    1684       2.2524
    1685       2.1802
    1686       2.2713
    1687       2.2871
    1688       2.3202
    1689       2.2513
    1690       2.2424
    1691       2.2169
    1692       2.1893
    1693       2.1082
    1694       2.0787
    1695       2.1096
    1696       2.0740
    1697       2.1954
    1698       2.2233
    1699       2.0928
    1700       2.1198
    1701       2.0651
    1702       2.0842
    1703       2.0136
    1704       2.0906
    1705       2.0836
    1706       2.1214
    1707       2.1229
    1708       2.1051
    1709       2.1068
    1710       2.0260
    1711       2.1380
    1712       2.0697
    1713       2.0740
    1714       2.0366
    1715       2.0913
    1716       2.1230
    1717       2.0674
    1718       2.1036
    1719       2.1033
    1720       2.0922
    1721       2.0917
    1722       2.0157
    1723       2.0806
    1724       2.0082
    1725       1.9694
    1726       2.0282
    1727       2.0584
    1728       2.0149
    1729       1.9779
    1730       1.9867
    1731       2.0481
    1732       1.9701
    1733       1.9696
    1734       1.9984
    1735       1.9861
    1736       1.9957
    1737       1.9190
    1738       1.9875
    1739       1.9816
    1740       2.0710
    1741       1.9558
    1742       1.9964
    1743       1.9849
    1744       1.9839
    1745       1.9425
    1746       1.8811
    1747       1.9213
    1748       2.1022
    1749       2.0266
    1750       2.0151
    1751       1.9599
    1752       1.8678
    1753       1.8487
    1754       1.8779
    1755       1.8402
    1756       1.9854
    1757       2.0333
    1758       2.0466
    1759       2.1267
    1760       2.1159
    1761       2.1611
    1762       2.1303
    1763       2.0788
    1764       2.0475
    1765       2.0375
    1766       2.0102
    1767       2.0541
    1768       2.0061
    1769       2.0839
    1770       2.0836
    1771       2.1263
    1772       2.0180
    1773       1.9446
    1774       2.0016
    1775       1.8575
    1776       1.8457
    1777       1.8512
    1778       1.7828
    1779       1.9826
    1780       1.8813
    1781       2.0200
    1782       2.0222
    1783       1.9829
    1784       2.0167
    1785       2.0725
    1786       2.0231
    1787       1.9986
    1788       2.0525
    1789       2.0458
    1790       2.0046
    1791       2.0399
    1792       1.9742
    1793       1.7943
    1794       1.8680
    1795       1.8314
    1796       2.0500
    1797       1.9321
    1798       2.0838
    1799       1.9302
    1800       1.9431
    1801       1.9489
    1802       1.8364
    1803       1.8958
    1804       1.7468
    1805       1.9012
    1806       1.9002
    1807       1.9727
    1808       1.9039
    1809       1.9261
    1810       1.8876
    1811       1.8966
    1812       1.9061
    1813       1.9460
    1814       1.8972
    1815       1.9233
    1816       1.8741
    1817       1.9420
    1818       1.8854
    1819       1.9933
    1820       2.0125
    1821       2.1847
    1822       2.2031
    1823       2.0741
    1824       2.0277
    1825       2.1481
    1826       2.0784
    1827       2.0415
    1828       2.0081
    1829       2.0209
    1830       2.0925
    1831       2.0975
    1832       2.1174
    1833       2.0185
    1834       2.0152
    1835       1.9458
    1836       1.9529
    1837       1.9197
    1838       1.9416
    1839       1.8605
    1840       1.9495
    1841       1.9902
    1842       2.0053
    1843       2.0030
    1844       2.0294
    1845       1.9782
    1846       1.9768
    1847       1.9811
    1848       1.9876
    1849       2.0795
    1850       2.0754
    1851       2.1185
    1852       2.2270
    1853       2.3300
    1854       2.3849
    1855       2.2449
    1856       2.4485
    1857       2.4599
    1858       2.3325
    1859       2.3218
    1860       2.3105
    1861       2.2736
    1862       2.3566
    1863       2.3751
    1864       2.3586
    1865       2.3140
    1866       2.2299
    1867       2.2237
    1868       2.2840
    1869       2.2660
    1870       2.3985
    1871       2.3726
    1872       2.3757
    1873       2.3640
    1874       2.3323
    1875       2.4267
    1876       2.4803
    1877       2.3622
    1878       2.3910
    1879       2.3776
    1880       2.3624
    1881       2.3223
    1882       2.5273
    1883       2.4200
    1884       2.3898
    1885       2.4229
    1886       2.4009
    1887       2.3731
    1888       2.2952
    1889       2.3805
    1890       2.4435
    1891       2.4081
    1892       2.2555
    1893       2.1362
    1894       2.1741
    1895       2.2331
    1896       2.2602
    1897       2.2868
    1898       2.1941
    1899       2.2151
    1900       2.3533
    1901       2.3504
    1902       2.2318
    1903       2.2514
    1904       2.2077
    1905       2.2984
    1906       2.1749
    1907       2.1201
    1908       1.9711
    1909       1.9281
    1910       2.0745
    1911       2.1399
    1912       2.1512
    1913       2.1708
    1914       2.1611
    1915       2.1598
    1916       2.1678
    1917       2.1528
    1918       2.2343
    1919       2.2408
    1920       2.2466
    1921       2.3040
    1922       2.2488
    1923       2.4227
    1924       2.3728
    1925       2.3714
    1926       2.2701
    1927       2.2074
    1928       2.2711
    1929       2.2287
    1930       2.2004
    1931       2.1331
    1932       2.1321
    1933       2.0946
    1934       1.9414
    1935       2.0153
    1936       2.0874
    1937       2.1324
    1938       2.1729
    1939       2.3651
    1940       2.2789
    1941       2.3206
    1942       2.4222
    1943       2.3768
    1944       2.3605
    1945       2.2916
    1946       2.3445
    1947       2.2286
    1948       2.2938
    1949       2.2205
    1950       2.2712
    1951       2.3274
    1952       2.2944
    1953       2.2956
    1954       2.2240
    1955       2.2147
    1956       2.0549
    1957       2.1851
    1958       2.2176
    1959       2.1037
    1960       2.0575
    1961       2.0438
    1962       2.1204
    1963       2.2124
    1964       2.1566
    1965       2.3127
    1966       2.3506
    1967       2.3000
    1968       2.3264
    1969       2.1954
    1970       2.1630
    1971       2.2055
    1972       2.2532
    1973       2.3435
    1974       2.3388
    1975       2.3543
    1976       2.3702
    1977       2.3336
    1978       2.4211
    1979       2.4798
    1980       2.4020
    1981       2.4518
    1982       2.3201
    1983       2.2956
    1984       2.2228
    1985       2.2285
    1986       2.3065
    1987       2.2569
    1988       2.1842
    1989       2.2118
    1990       2.1358
    1991       2.2191
    1992       2.3447
    1993       2.2969
    1994       2.3229
    1995       2.3656
    1996       2.3477
    1997       2.3246
    1998       2.3560
    1999       2.2795
    2000       2.3201
    2001       2.2960
    2002       2.2312
    2003       2.4226
    2004       2.4504
    2005       2.3419
    2006       2.3800
    2007       2.3259
    2008       2.2568
    2009       2.2750
    2010       2.3120
    2011       2.3156
    2012       2.2396
    2013       2.3856
    2014       2.4162
    2015       2.4688
    2016       2.3862
    2017       2.3063
    2018       2.2662
    2019       2.3146
    2020       2.1635
    2021       2.1731
    2022       2.2772
    2023       2.2343
    2024       2.1859
    2025       2.1409
    2026       2.0947
    2027       2.1395
    2028       2.1802
    2029       2.1630
    2030       2.1501
    2031       2.2255
    2032       2.3062
    2033       2.3473
    2034       2.3838
    2035       2.3585
    2036       2.3704
    2037       2.2999
    2038       2.2439
    2039       2.3530
    2040       2.2161
    2041       2.2113
    2042       2.2978
    2043       2.3092
    2044       2.2779
    2045       2.3925
    2046       2.3404
    2047       2.2872
    2048       2.3128
    2049       2.3177
    2050       2.3118
    2051       2.4017
    2052       2.3304
    2053       2.2299
    2054       2.3244
    2055       2.2987
    2056       2.2442
    2057       2.2179
    2058       2.3196
    2059       2.3383
    2060       2.2611
    2061       2.3770
    2062       2.3520
    2063       2.3091
    2064       2.3994
    2065       2.3245
    2066       2.2778
    2067       2.2380
    2068       2.4216
    2069       2.5915
    2070       2.4681
    2071       2.5020
    2072       2.5875
    2073       2.5469
    2074       2.4875
    2075       2.5550
    2076       2.4968
    2077       2.4876
    2078       2.4416
    2079       2.3106
    2080       2.3293
    2081       2.4475
    2082       2.5191
    2083       2.4459
    2084       2.7016
    2085       2.6512
    2086       2.6135
    2087       2.5626
    2088       2.5541
    2089       2.5145
    2090       2.4740
    2091       2.5142
    2092       2.5317
    2093       2.4847
    2094       2.5728
    2095       2.5347
    2096       2.4664
    2097       2.4928
    2098       2.4310
    2099       2.5034
    2100       2.4840
    2101       2.3107
    2102       2.3483
    2103       2.3798
    2104       2.4403
    2105       2.4805
    2106       2.3834
    2107       2.3672
    2108       2.3986
    2109       2.4953
    2110       2.4627
    2111       2.3926
    2112       2.3457
    2113       2.3028
    2114       2.5045
    2115       2.3249
    2116       2.4972
    2117       2.4650
    2118       2.5497
    2119       2.5362
    2120       2.6376
    2121       2.6675
    2122       2.5864
    2123       2.5823
    2124       2.6467
    2125       2.6141
    2126       2.7306
    2127       2.7290
    2128       2.7619
    2129       2.7643
    2130       2.8019
    2131       2.7728
    2132       2.7484
    2133       2.6125
    2134       2.5812
    2135       2.5271
    2136       2.7302
    2137       2.7594
    2138       2.6995
    2139       2.6102
    2140       2.6491
    2141       2.6540
    2142       2.5248
    2143       2.4495
    2144       2.5719
    2145       2.6152
    2146       2.6478
    2147       2.6094
    2148       2.6437
    2149       2.6206
    2150       2.5718
    2151       2.4797
    2152       2.4844
    2153       2.4957
    2154       2.3818
    2155       2.5003
    2156       2.5318
    2157       2.4354
    2158       2.5438
    2159       2.6033
    2160       2.6675
    2161       2.4817
    2162       2.4779
    2163       2.5895
    2164       2.6261
    2165       2.6362
    2166       2.6294
    2167       2.5912
    2168       2.6292
    2169       2.5184
    2170       2.6467
    2171       2.6453
    2172       2.6436
    2173       2.6419
    2174       2.6094
    2175       2.6651
    2176       2.6084
    2177       2.6728
    2178       2.5742
    2179       2.5706
    2180       2.5989
    2181       2.5739
    2182       2.5726
    2183       2.3629
    2184       2.3808
    2185       2.2544
    2186       2.4311
    2187       2.4953
    2188       2.4517
    2189       2.3732
    2190       2.3589
    2191       2.4044
    2192       2.4259
    2193       2.3251
    2194       2.5332
    2195       2.5763
    2196       2.4551
    2197       2.3437
    2198       2.4468
    2199       2.4055
    2200       2.3791
    2201       2.4139
    2202       2.3656
    2203       2.4611
    2204       2.4144
    2205       2.3541
    2206       2.5361
    2207       2.4970
    2208       2.4359
    2209       2.4892
    2210       2.4214
    2211       2.5282
    2212       2.4314
    2213       2.3526
    2214       2.3116
    2215       2.2712
    2216       2.3595
    2217       2.2995
    2218       2.3263
    2219       2.4146
    2220       2.3456
    2221       2.3776
    2222       2.3747
    2223       2.3919
    2224       2.3488
    2225       2.1400
    2226       2.2162
    2227       2.2712
    2228       2.2858
    2229       2.2471
    2230       2.3801
    2231       2.4708
    2232       2.4497
    2233       2.3084
    2234       2.2206
    2235       2.1866
    2236       2.2839
    2237       2.2641
    2238       2.3338
    2239       2.2883
    2240       2.3281
    2241       2.2794
    2242       2.4172
    2243       2.2501
    2244       2.3098
    2245       2.2091
    2246       2.1812
    2247       2.2113
    2248       2.1646
    2249       2.2839
    2250       2.1601
    2251       2.2320
    2252       2.1755
    2253       2.2653
    2254       2.3641
    2255       2.4579
    2256       2.2432
    2257       2.2407
    2258       2.3045
    2259       2.4087
    2260       2.4792
    2261       2.3768
    2262       2.4469
    2263       2.4320
    2264       2.3566
    2265       2.3325
    2266       2.3745
    2267       2.5006
    2268       2.3164
    2269       2.3158
    2270       2.2926
    2271       2.3065
    2272       2.3466
    2273       2.2638
    2274       2.3469
    2275       2.2380
    2276       2.2764
    2277       2.2160
    2278       2.2351
    2279       2.2921
    2280       2.3759
    2281       2.3711
    2282       2.3857
    2283       2.3668
    2284       2.3713
    2285       2.3413
    2286       2.2980
    2287       2.4586
    2288       2.3852
    2289       2.4440
    2290       2.3712
    2291       2.4290
    2292       2.4763
    2293       2.4815
    2294       2.4539
    2295       2.5554
    2296       2.5107
    2297       2.5560
    2298       2.4153
    2299       2.4227
    2300       2.4061
    2301       2.5106
    2302       2.5514
    2303       2.5728
    2304       2.4894
    2305       2.5164
    2306       2.4897
    2307       2.5239
    2308       2.4680
    2309       2.3943
    2310       2.4438
    2311       2.3917
    2312       2.3717
    2313       2.3875
    2314       2.5953
    2315       2.4420
    2316       2.5145
    2317       2.5905
    2318       2.5927
    2319       2.5002
    2320       2.4486
    2321       2.4940
    2322       2.6155
    2323       2.4218
    2324       2.3254
    2325       2.4894
    2326       2.5126
    2327       2.6150
    2328       2.7195
    2329       2.7414
    2330       2.5881
    2331       2.6940
    2332       2.7102
    2333       2.5726
    2334       2.5298
    2335       2.6414
    2336       2.6306
    2337       2.6457
    2338       2.6448
    2339       2.6176
    2340       2.6102
    2341       2.5277
    2342       2.5570
    2343       2.5980
    2344       2.5520
    2345       2.5794
    2346       2.6454
    2347       2.7694
    2348       2.8518
    2349       2.8971
    2350       2.8041
    2351       2.8874
    2352       2.7761
    2353       2.7381
    2354       2.6260
    2355       2.6779
    2356       2.6632
    2357       2.7160
    2358       2.7902
    2359       2.8093
    2360       2.8602
    2361       2.5862
    2362       2.5811
    2363       2.5597
    2364       2.4454
    2365       2.4267
    2366       2.4873
    2367       2.4791
    2368       2.4470
    2369       2.3757
    2370       2.4913
    2371       2.4044
    2372       2.3589
    2373       2.4034
    2374       2.4549
    2375       2.3341
    2376       2.3125
    2377       2.3511
    2378       2.3381
    2379       2.2155
    2380       2.1703
    2381       2.1890
    2382       2.2370
    2383       2.3264
    2384       2.2320
    2385       2.2372
    2386       2.1891
    2387       2.1336
    2388       2.1727
    2389       2.1233
    2390       2.1689
    2391       2.0812
    2392       2.0788
    2393       2.0144
    2394       2.0788
    2395       2.0414
    2396       2.0990
    2397       2.2270
    2398       2.0396
    2399       2.1766
    2400       2.1262
    2401       2.0130
    2402       2.0526
    2403       2.1280
    2404       2.0310
    2405       1.9220
    2406       1.9122
    2407       1.9443
    2408       1.9854
    2409       1.8989
    2410       1.9503
    2411       2.0622
    2412       2.0600
    2413       2.1591
    2414       2.0272
    2415       2.1572
    2416       2.1198
    2417       2.1351
    2418       2.1305
    2419       2.0990
    2420       2.1488
    2421       2.1968
    2422       2.2039
    2423       2.1578
    2424       2.0219
    2425       1.9196
    2426       2.0311
    2427       1.9997
    2428       2.0140
    2429       1.9665
    2430       1.9789
    2431       1.8926
    2432       2.0519
    2433       2.0273
    2434       2.0449
    2435       1.8848
    2436       1.9950
    2437       1.7537
    2438       1.8934
    2439       1.8979
    2440       2.0440
    2441       1.9994
    2442       1.9543
    2443       1.8641
    2444       1.8546
    2445       1.9226
    2446       1.8366
    2447       1.8946
    2448       1.9091
    2449       1.8373
    2450       1.8572
    2451       1.8760
    2452       1.9679
    2453       1.8367
    2454       1.9421
    2455       1.8347
    2456       1.9008
    2457       1.8643
    2458       1.7750
    2459       1.7643
    2460       1.8453
    2461       1.7951
    2462       1.8543
    2463       1.8654
    2464       1.9273
    2465       1.9104
    2466       1.9398
    2467       1.9488
    2468       1.8641
    2469       1.8605
    2470       1.7963
    2471       1.7703
    2472       1.8339
    2473       1.8024
    2474       1.7543
    2475       1.8190
    2476       1.7949
    2477       1.8443
    2478       1.8899
    2479       1.9145
    2480       1.8426
    2481       1.8167
    2482       1.8060
    2483       1.7306
    2484       1.7091
    2485       1.7970
    2486       1.7232
    2487       1.8276
    2488       1.8144
    2489       1.8028
    2490       1.8530
    2491       1.7432
    2492       1.7964
    2493       1.8920
    2494       1.8536
    2495       1.8450
    2496       1.8092
    2497       1.7559
    2498       1.7846
    2499       1.7444
    2500       1.7114
    2501       1.7658
    2502       1.7514
    2503       1.7803
    2504       1.8179
    2505       1.7610
    2506       1.7497
    2507       1.6327
    2508       1.7110
    2509       1.7687
    2510       1.7435
    2511       1.7498
    2512       1.7962
    2513       1.8000
    2514       1.7357
    2515       1.7873
    2516       1.8427
    2517       1.8454
    2518       1.9108
    2519       1.8413
    2520       1.8530
    2521       1.8779
    2522       1.8806
    2523       1.8951
    2524       1.9376
    2525       1.9527
    2526       2.0157
    2527       1.9120
    2528       1.9183
    2529       1.9705
    2530       1.8308
    2531       1.8830
    2532       1.8074
    2533       1.7961
    2534       1.8100
    2535       1.8445
    2536       1.8442
    2537       1.9017
    2538       1.8902
    2539       1.8814
    2540       1.8636
    2541       1.9530
    2542       1.8927
    2543       1.8820
    2544       1.8316
    2545       1.9061
    2546       1.9409
    2547       1.8141
    2548       1.9278
    2549       1.9673
    2550       2.0352
    2551       2.0060
    2552       2.0447
    2553       2.0081
    2554       1.9982
    2555       1.9684
    2556       1.9454
    2557       1.9898
    2558       1.9296
    2559       1.9263
    2560       1.9429
    2561       1.9680
    2562       2.0418
    2563       1.9088
    2564       1.9354
    2565       1.9556
    2566       1.8563
    2567       1.8739
    2568       1.8794
    2569       1.8873
    2570       1.9056
    2571       1.8908
    2572       1.8928
    2573       1.7789
    2574       1.7676
    2575       1.8106
    2576       1.7808
    2577       1.7961
    2578       1.8917
    2579       1.8758
    2580       1.7741
    2581       1.8664
    2582       1.8892
    2583       1.9381
    2584       1.8655
    2585       1.7896
    2586       1.8530
    2587       1.8585
    2588       2.0133
    2589       1.9892
    2590       1.9159
    2591       1.9251
    2592       1.9365
    2593       1.9759
    2594       1.9206
    2595       1.9698
    2596       1.9332
    2597       1.9644
    2598       1.8558
    2599       2.0434
    2600       1.9158
    2601       1.8982
    2602       1.7875
    2603       1.7746
    2604       1.8297
    2605       1.9448
    2606       1.9448
    2607       1.9469
    2608       1.8655
    2609       1.8675
    2610       1.8349
    2611       1.8534
    2612       1.8132
    2613       1.9055
    2614       1.8691
    2615       1.9148
    2616       1.8635
    2617       1.8876
    2618       1.8422
    2619       1.9139
    2620       1.9094
    2621       2.0050
    2622       1.9164
    2623       1.8681
    2624       1.9243
    2625       1.8333
    2626       1.8663
    2627       1.9758
    2628       1.9587
    2629       1.8305
    2630       1.9585
    2631       1.9367
    2632       1.9554
    2633       1.9293
    2634       1.8440
    2635       1.8006
    2636       1.8547
    2637       1.8139
    2638       1.9363
    2639       1.9360
    2640       1.9231
    2641       1.9083
    2642       1.9578
    2643       1.9343
    2644       1.9730
    2645       1.9804
    2646       2.0436
    2647       1.8749
    2648       1.9095
    2649       1.8706
    2650       1.9539
    2651       1.8991
    2652       1.8484
    2653       1.8352
    2654       1.8854
    2655       1.8491
    2656       1.7629
    2657       1.6684
    2658       1.8608
    2659       1.8827
    2660       1.8059
    2661       1.9000
    2662       1.8328
    2663       1.9323
    2664       1.9169
    2665       2.0427
    2666       1.8723
    2667       1.9170
    2668       1.9498
    2669       1.9199
    2670       1.8202
    2671       1.8609
    2672       1.8253
    2673       1.9095
    2674       1.9020
    2675       1.8020
    2676       1.8280
    2677       1.9217
    2678       1.8824
    2679       1.9034
    2680       1.9055
    2681       1.9381
    2682       1.9170
    2683       1.9094
    2684       1.9369
    2685       1.9039
    2686       1.8034
    2687       1.6742
    2688       1.7850
    2689       1.8001
    2690       1.8443
    2691       1.8007
    2692       1.8809
    2693       1.8998
    2694       1.8411
    2695       1.7940
    2696       1.8518
    2697       1.8746
    2698       1.7772
    2699       1.8842
    2700       1.9205
    2701       1.8502
    2702       1.8998
    2703       1.8296
    2704       1.8533
    2705       1.8693
    2706       1.7856
    2707       1.8091
    2708       1.8029
    2709       1.8427
    2710       1.7759
    2711       1.8798
    2712       1.9211
    2713       1.8919
    2714       1.9550
    2715       1.8184
    2716       1.8609
    2717       1.7367
    2718       1.7805
    2719       1.8672
    2720       1.8059
    2721       1.8008
    2722       1.8702
    2723       1.8598
    2724       1.8169
    2725       1.8110
    2726       1.8507
    2727       1.7592
    2728       1.7175
    2729       1.8579
    2730       1.9577
    2731       1.8472
    2732       1.7882
    2733       1.8107
    2734       1.8572
    2735       1.8549
    2736       1.7769
    2737       1.7744
    2738       1.7989
    2739       1.7496
    2740       1.7913
    2741       1.7405
    2742       1.8121
    2743       1.7185
    2744       1.8395
    2745       1.7596
    2746       1.7931
    2747       1.7985
    2748       1.7940
    2749       1.8631
    2750       1.9307
    2751       1.9120
    2752       1.8998
    2753       1.9778
    2754       1.9571
    2755       2.0024
    2756       1.9655
    2757       1.9034
    2758       2.0088
    2759       1.8512
    2760       1.8963
    2761       1.8964
    2762       1.9079
    2763       1.8965
    2764       1.9175
    2765       1.9562
    2766       1.9164
    2767       2.0181
    2768       2.0091
    2769       1.9860
    2770       2.1652
    2771       2.1955
    2772       2.1560
    2773       2.0878
    2774       2.0121
    2775       2.0633
    2776       2.0515
    2777       2.1293
    2778       2.0959
    2779       2.0765
    2780       1.9798
    2781       2.0744
    2782       2.1674
    2783       2.1252
    2784       2.0857
    2785       2.0720
    2786       2.0940
    2787       1.9878
    2788       2.0599
    2789       1.9821
    2790       2.0594
    2791       2.0587
    2792       1.9877
    2793       1.9036
    2794       2.0164
    2795       1.8659
    2796       1.8607
    2797       1.8561
    2798       1.8890
    2799       1.8720
    2800       1.8826
    2801       1.7756
    2802       1.7652
    2803       1.7480
    2804       1.7477
    2805       1.7940
    2806       1.8080
    2807       1.7091
    2808       1.6406
    2809       1.6935
    2810       1.6723
    2811       1.7094
    2812       1.6600
    2813       1.6734
    2814       1.7849
    2815       1.8403
    2816       1.8757
    2817       1.9079
    2818       1.9182
    2819       1.8308
    2820       1.7840
    2821       1.7739
    2822       1.7990
    2823       1.7568
    2824       1.8920
    2825       1.9752
    2826       1.8552
    2827       1.8472
    2828       1.7790
    2829       1.7826
    2830       1.8471
    2831       1.8266
    2832       1.9137
    2833       1.8689
    2834       1.7941
    2835       1.8888
    2836       1.8199
    2837       1.7811
    2838       1.7312
    2839       1.7742
    2840       1.8257
    2841       1.8208
    2842       1.8282
    2843       1.8265
    2844       1.7230
    2845       1.7918
    2846       1.7702
    2847       1.7475
    2848       1.7339
    2849       1.8863
    2850       1.7838
    2851       1.7757
    2852       1.8094
    2853       1.7750
    2854       1.7273
    2855       1.7338
    2856       1.7634
    2857       1.7715
    2858       1.8579
    2859       1.7540
    2860       1.7312
    2861       1.7704
    2862       1.7140
    2863       1.7766
    2864       1.8027
    2865       1.7407
    2866       1.7400
    2867       1.7978
    2868       1.7133
    2869       1.7500
    2870       1.7502
    2871       1.7836
    2872       1.7462
    2873       1.9269
    2874       1.7816
    2875       1.7851
    2876       1.7975
    2877       1.8278
    2878       1.7891
    2879       1.7390
    2880       1.8348
    2881       1.8193
    2882       1.8037
    2883       1.7336
    2884       1.7787
    2885       1.7545
    2886       1.7478
    2887       1.8688
    2888       1.7597
    2889       1.8235
    2890       1.8845
    2891       1.7981
    2892       1.7736
    2893       1.7027
    2894       1.7775
    2895       1.6763
    2896       1.7533
    2897       1.8270
    2898       1.8231
    2899       1.8124
    2900       1.7556
    2901       1.7528
    2902       1.7826
    2903       1.8343
    2904       1.9950
    2905       1.8783
    2906       1.8050
    2907       1.8333
    2908       1.9557
    2909       1.8760
    2910       1.7362
    2911       1.7203
    2912       1.6636
    2913       1.8003
    2914       1.7049
    2915       1.6423
    2916       1.6448
    2917       1.6674
    2918       1.6758
    2919       1.5405
    2920       1.4680
    2921       1.5100
    2922       1.5800
    2923       1.5682
    2924       1.5435
    2925       1.6988
    2926       1.7027
    2927       1.6076
    2928       1.5221
    2929       1.6369
    2930       1.7267
    2931       1.7084
    2932       1.6555
    2933       1.7136
    2934       1.6043
    2935       1.7065
    2936       1.5291
    2937       1.5951
    2938       1.5940
    2939       1.5645
    2940       1.5952
    2941       1.5407
    2942       1.5605
    2943       1.6304
    2944       1.6488
    2945       1.7714
    2946       1.6810
    2947       1.7093
    2948       1.6748
    2949       1.6524
    2950       1.6397
    2951       1.6774
    2952       1.6775
    2953       1.6367
    2954       1.6067
    2955       1.5742
    2956       1.5119
    2957       1.6267
    2958       1.6401
    2959       1.6313
    2960       1.6370
    2961       1.7005
    2962       1.6159
    2963       1.6016
    2964       1.5064
    2965       1.4652
    2966       1.4979
    2967       1.5929
    2968       1.5421
    2969       1.5251
    2970       1.4854
    2971       1.4220
    2972       1.5705
    2973       1.6999
    2974       1.6602
    2975       1.6590
    2976       1.5965
    2977       1.6615
    2978       1.7226
    2979       1.7384
    2980       1.7867
    2981       1.7629
    2982       1.7116
    2983       1.6516
    2984       1.7868
    2985       1.7614
    2986       1.7683
    2987       1.7164
    2988       1.7870
    2989       1.8901
    2990       1.7643
    2991       1.6591
    2992       1.7675
    2993       1.7796
    2994       1.7512
    2995       1.6629
    2996       1.7003
    2997       1.7237
    2998       1.6695
    2999       1.7228
    3000       1.7243
