
Resp charges for organic molecule                                               

iqopt   irstrnt  ihfree     qwt
  2      1      1        0.001000

 rel.rms   dipole mom       Qxx      Qyy      Qzz
    0.15086   4.61602  31.47804 -27.47713  -4.00091

          Point charges before & after optimization
    NO   At.No.    q0           q(opt)   IVARY  d(rstr)/dq 
     1     7  -1.027380      -1.027380  -99    0.000969
     2     6   0.274977       0.274977  -99    0.003418
     3     6  -0.148243      -0.102558    0    0.006981
     4     6  -0.027390      -0.054678    0    0.008774
     5     6  -0.001506      -0.003499    0    0.009994
     6     6   0.384923       0.379696    0    0.002547
     7     7  -1.089517      -1.089517  -99    0.000914
     8     6   0.126603       0.126603  -99    0.006198
     9     8  -0.619796      -0.619796  -99    0.001593
    10     6  -0.457825      -0.477341    0    0.002050
    11     6   0.955143       0.955143  -99    0.001041
    12     8  -0.646815      -0.646815  -99    0.001528
    13     8  -0.530647      -0.530647  -99    0.001852
    14     6   0.377713       0.494971    0    0.001980
    15     6  -0.330112      -0.326154    0    0.002931
    16     1   0.389711       0.389711  -99    0.000000
    17     1   0.389711       0.389711  -99    0.000000
    18     1   0.084319       0.084319  -99    0.000000
    19     1   0.067106       0.031229    0    0.000000
    20     1   0.020371       0.031229   19    0.000000
    21     1  -0.020794      -0.007794    0    0.000000
    22     1  -0.002066      -0.007794   21    0.000000
    23     1   0.014002       0.028007    0    0.000000
    24     1   0.036098       0.028007   23    0.000000
    25     1   0.009704      -0.030348    0    0.000000
    26     1  -0.076962      -0.030348   25    0.000000
    27     1   0.390319       0.390319  -99    0.000000
    28     1   0.390319       0.390319  -99    0.000000
    29     1   0.114274       0.114274  -99    0.000000
    30     1   0.428547       0.428547  -99    0.000000
    31     1   0.106394       0.125843    0    0.000000
    32     1   0.143364       0.125843   31    0.000000
    33     1   0.009255      -0.039314    0    0.000000
    34     1  -0.000963      -0.039314   33    0.000000
    35     1   0.073745       0.081516    0    0.000000
    36     1   0.097669       0.081516   35    0.000000
    37     1   0.095747       0.081516   35    0.000000

        Statistics of the fitting:
  The initial sum of squares (ssvpot)                      2.370
  The residual sum of squares (chipot)                     0.054
  The std err of estimate (sqrt(chipot/N))               0.00243
  ESP relative RMS (SQRT(chipot/ssvpot))                 0.15086

 Dipole Moment (Debye)=   4.61602
