
Resp charges for organic molecule                                               

iqopt   irstrnt  ihfree     qwt
  2      1      1        0.001000

 rel.rms   dipole mom       Qxx      Qyy      Qzz
    0.12610   4.26726 -41.11187  33.22864   7.88323

          Point charges before & after optimization
    NO   At.No.    q0           q(opt)   IVARY  d(rstr)/dq 
     1     7  -0.936990      -0.936990  -99    0.001061
     2     6   0.998242       0.998242  -99    0.000997
     3     7  -0.691354      -0.691354  -99    0.001432
     4     7   0.922961       0.922961  -99    0.001077
     5     8  -0.470146      -0.470146  -99    0.002080
     6     8  -0.470146      -0.470146  -99    0.002080
     7     7  -0.862784      -0.862784  -99    0.001151
     8     6   0.203753       0.245526    0    0.003772
     9     6   0.139182       0.061194    0    0.008529
    10     6  -0.291843      -0.063539    0    0.008440
    11     6   0.239579       0.239579  -99    0.003852
    12     7  -1.100038      -1.100038  -99    0.000905
    13     6   0.690512       0.690512  -99    0.001433
    14     8  -0.617476      -0.617476  -99    0.001599
    15     7  -0.588992      -0.588992  -99    0.001674
    16     6  -0.013279      -0.013279  -99    0.009913
    17     6   0.860099       0.860099  -99    0.001155
    18     8  -0.605701      -0.605701  -99    0.001629
    19     7  -1.111474      -1.111474  -99    0.000896
    20     6  -0.096970      -0.299009    0    0.003172
    21     6   0.370247       0.390696    0    0.002480
    22     7  -1.087258      -1.087258  -99    0.000916
    23     1   0.441981       0.441981  -99    0.000000
    24     1   0.379000       0.379000  -99    0.000000
    25     1   0.368701       0.368701  -99    0.000000
    26     1   0.062735       0.030668    0    0.000000
    27     1   0.022364       0.030668   26    0.000000
    28     1  -0.006323      -0.013235    0    0.000000
    29     1  -0.013105      -0.013235   28    0.000000
    30     1   0.091449      -0.001159    0    0.000000
    31     1   0.040982      -0.001159   30    0.000000
    32     1   0.075861       0.075861  -99    0.000000
    33     1   0.420895       0.420895  -99    0.000000
    34     1   0.420895       0.420895  -99    0.000000
    35     1   0.288109       0.288109  -99    0.000000
    36     1   0.100499       0.100499  -99    0.000000
    37     1   0.458035       0.458035  -99    0.000000
    38     1   0.458035       0.458035  -99    0.000000
    39     1   0.040407       0.127676    0    0.000000
    40     1   0.077028       0.127676   39    0.000000
    41     1   0.056361       0.015431    0    0.000000
    42     1  -0.042638       0.015431   41    0.000000
    43     1   0.389303       0.389303  -99    0.000000
    44     1   0.389303       0.389303  -99    0.000000

        Statistics of the fitting:
  The initial sum of squares (ssvpot)                      4.589
  The residual sum of squares (chipot)                     0.073
  The std err of estimate (sqrt(chipot/N))               0.00254
  ESP relative RMS (SQRT(chipot/ssvpot))                 0.12610

 Dipole Moment (Debye)=   4.26726
