
Resp charges for organic molecule                                               

iqopt   irstrnt  ihfree     qwt
  2      1      1        0.001000

 rel.rms   dipole mom       Qxx      Qyy      Qzz
    0.19755   2.08265  10.19184  12.34940 -22.54125

          Point charges before & after optimization
    NO   At.No.    q0           q(opt)   IVARY  d(rstr)/dq 
     1     8  -0.706246      -0.706246  -99    0.001402
     2     7  -0.283203      -0.283203  -99    0.003330
     3     6  -0.004216      -0.004216  -99    0.009991
     4     6  -0.166577      -0.279415    0    0.003370
     5     6  -0.040119       0.098714    0    0.007117
     6     6   0.099280       0.075355    0    0.007986
     7     6  -0.021437      -0.082536    0    0.007712
     8     7  -0.324956      -0.324956  -99    0.002941
     9     6  -0.190633      -0.141252    0    0.005778
    10     6  -0.273214      -0.141252    9    0.005778
    11     6   0.840267       0.840267  -99    0.001182
    12     8  -0.606626      -0.606626  -99    0.001627
    13     6  -0.170641      -0.270839    0    0.003464
    14     6  -0.347328      -0.270839   13    0.003464
    15     1   0.101479       0.101479  -99    0.000000
    16     1   0.073877       0.088302    0    0.000000
    17     1   0.051068       0.088302   16    0.000000
    18     1  -0.010616       0.013485    0    0.000000
    19     1   0.046080       0.013485   18    0.000000
    20     1  -0.014741       0.004001    0    0.000000
    21     1   0.036016       0.004001   20    0.000000
    22     1   0.056701       0.062695    0    0.000000
    23     1   0.077106       0.062695   22    0.000000
    24     1   0.084934       0.080478    0    0.000000
    25     1   0.116393       0.080478   24    0.000000
    26     1   0.070352       0.080478   24    0.000000
    27     1   0.117240       0.080478   24    0.000000
    28     1   0.129775       0.080478   24    0.000000
    29     1   0.093439       0.080478   24    0.000000
    30     1   0.071884       0.117652    0    0.000000
    31     1   0.105078       0.117652   30    0.000000
    32     1   0.114169       0.117652   30    0.000000
    33     1   0.147379       0.117652   30    0.000000
    34     1   0.156436       0.117652   30    0.000000
    35     1   0.101787       0.117652   30    0.000000
    36     1   0.469814       0.469814  -99    0.000000

        Statistics of the fitting:
  The initial sum of squares (ssvpot)                      1.323
  The residual sum of squares (chipot)                     0.052
  The std err of estimate (sqrt(chipot/N))               0.00248
  ESP relative RMS (SQRT(chipot/ssvpot))                 0.19755

 Dipole Moment (Debye)=   2.08265
