#Frame     RMSD_00001
       1       0.0919
       2       0.0881
       3       0.0842
       4       0.0862
       5       0.0861
       6       0.0851
       7       0.0851
       8       0.0868
       9       0.0857
      10       0.0873
      11       0.0854
      12       0.0868
      13       0.0854
      14       0.0865
      15       0.0866
      16       0.0859
      17       0.0857
      18       0.0858
      19       0.0880
      20       0.0866
      21       0.0875
      22       0.0869
      23       0.0888
      24       0.0896
      25       0.0855
      26       0.0881
      27       0.0865
      28       0.0887
      29       0.0876
      30       0.0879
      31       0.0895
      32       0.0883
      33       0.0911
      34       0.0904
      35       0.0887
      36       0.0882
      37       0.0882
      38       0.0901
      39       0.0906
      40       0.0914
      41       0.0877
      42       0.0911
      43       0.0922
      44       0.0899
      45       0.0895
      46       0.0908
      47       0.0896
      48       0.0919
      49       0.0900
      50       0.0911
      51       0.0913
      52       0.0927
      53       0.0918
      54       0.0911
      55       0.0926
      56       0.0881
      57       0.0918
      58       0.0910
      59       0.0974
      60       0.0951
      61       0.0940
      62       0.0918
      63       0.0911
      64       0.0933
      65       0.0928
      66       0.0918
      67       0.0932
      68       0.0987
      69       0.0906
      70       0.0952
      71       0.0937
      72       0.0968
      73       0.0931
      74       0.0938
      75       0.0943
      76       0.0935
      77       0.0931
      78       0.0934
      79       0.0955
      80       0.0947
      81       0.0945
      82       0.0933
      83       0.0943
      84       0.0924
      85       0.0941
      86       0.0952
      87       0.0962
      88       0.0965
      89       0.0972
      90       0.0964
      91       0.0946
      92       0.0960
      93       0.0968
      94       0.0959
      95       0.0972
      96       0.0959
      97       0.0994
      98       0.0976
      99       0.0977
     100       0.0980
     101       0.0973
     102       0.0956
     103       0.0986
     104       0.1005
     105       0.0996
     106       0.0998
     107       0.0991
     108       0.0949
     109       0.0986
     110       0.0944
     111       0.0985
     112       0.0991
     113       0.0994
     114       0.0987
     115       0.0952
     116       0.0990
     117       0.1001
     118       0.0982
     119       0.0990
     120       0.1018
     121       0.1009
     122       0.1003
     123       0.1025
     124       0.0994
     125       0.1003
     126       0.1020
     127       0.1009
     128       0.0984
     129       0.1012
     130       0.0979
     131       0.1041
     132       0.0974
     133       0.0952
     134       0.0995
     135       0.1059
     136       0.1025
     137       0.1017
     138       0.1046
     139       0.1023
     140       0.1058
     141       0.1021
     142       0.1071
     143       0.1034
     144       0.1038
     145       0.1027
     146       0.1047
     147       0.1017
     148       0.1038
     149       0.1005
     150       0.1039
     151       0.1041
     152       0.1086
     153       0.1053
     154       0.1027
     155       0.1033
     156       0.1037
     157       0.1110
     158       0.1068
     159       0.1001
     160       0.1059
     161       0.1042
     162       0.1068
     163       0.1055
     164       0.1066
     165       0.1016
     166       0.1016
     167       0.1037
     168       0.1061
     169       0.1035
     170       0.1073
     171       0.1072
     172       0.1064
     173       0.1033
     174       0.1086
     175       0.1100
     176       0.1006
     177       0.1080
     178       0.1041
     179       0.1056
     180       0.1059
     181       0.1061
     182       0.1070
     183       0.1121
     184       0.1058
     185       0.1066
     186       0.1094
     187       0.1090
     188       0.1147
     189       0.1078
     190       0.1042
     191       0.1133
     192       0.1074
     193       0.1068
     194       0.1097
     195       0.1078
     196       0.1063
     197       0.1133
     198       0.1118
     199       0.1111
     200       0.1104
     201       0.1085
     202       0.1085
     203       0.1113
     204       0.1043
     205       0.1108
     206       0.1097
     207       0.1123
     208       0.1109
     209       0.1139
     210       0.1114
     211       0.1066
     212       0.1122
     213       0.1046
     214       0.1055
     215       0.1103
     216       0.1086
     217       0.1125
     218       0.1039
     219       0.1131
     220       0.1119
     221       0.1114
     222       0.1113
     223       0.1150
     224       0.1107
     225       0.1145
     226       0.1119
     227       0.1158
     228       0.1112
     229       0.1154
     230       0.1121
     231       0.1054
     232       0.1098
     233       0.1132
     234       0.1146
     235       0.1158
     236       0.1129
     237       0.1170
     238       0.1154
     239       0.1063
     240       0.1110
     241       0.1128
     242       0.1097
     243       0.1119
     244       0.1132
     245       0.1135
     246       0.1147
     247       0.1193
     248       0.1146
     249       0.1180
     250       0.1178
     251       0.1115
     252       0.1166
     253       0.1161
     254       0.1093
     255       0.1073
     256       0.1159
     257       0.1121
     258       0.1141
     259       0.1141
     260       0.1141
     261       0.1205
     262       0.1150
     263       0.1105
     264       0.1169
     265       0.1132
     266       0.1174
     267       0.1250
     268       0.1156
     269       0.1215
     270       0.1226
     271       0.1122
     272       0.1227
     273       0.1139
     274       0.1149
     275       0.1200
     276       0.1145
     277       0.1196
     278       0.1104
     279       0.1129
     280       0.1220
     281       0.1202
     282       0.1180
     283       0.1137
     284       0.1130
     285       0.1241
     286       0.1169
     287       0.1233
     288       0.1166
     289       0.1188
     290       0.1174
     291       0.1192
     292       0.1198
     293       0.1178
     294       0.1141
     295       0.1171
     296       0.1219
     297       0.1294
     298       0.1142
     299       0.1185
     300       0.1189
     301       0.1195
     302       0.1206
     303       0.1237
     304       0.1194
     305       0.1207
     306       0.1177
     307       0.1185
     308       0.1186
     309       0.1289
     310       0.1215
     311       0.1225
     312       0.1177
     313       0.1202
     314       0.1216
     315       0.1181
     316       0.1169
     317       0.1210
     318       0.1182
     319       0.1192
     320       0.1198
     321       0.1217
     322       0.1302
     323       0.1169
     324       0.1241
     325       0.1309
     326       0.1216
     327       0.1182
     328       0.1167
     329       0.1174
     330       0.1252
     331       0.1233
     332       0.1222
     333       0.1117
     334       0.1254
     335       0.1241
     336       0.1252
     337       0.1211
     338       0.1284
     339       0.1240
     340       0.1268
     341       0.1249
     342       0.1178
     343       0.1243
     344       0.1271
     345       0.1256
     346       0.1159
     347       0.1299
     348       0.1284
     349       0.1237
     350       0.1178
     351       0.1235
     352       0.1255
     353       0.1259
     354       0.1226
     355       0.1229
     356       0.1310
     357       0.1302
     358       0.1275
     359       0.1274
     360       0.1219
     361       0.1299
     362       0.1170
     363       0.1206
     364       0.1258
     365       0.1246
     366       0.1302
     367       0.1237
     368       0.1297
     369       0.1231
     370       0.1279
     371       0.1296
     372       0.1364
     373       0.1280
     374       0.1259
     375       0.1259
     376       0.1305
     377       0.1224
     378       0.1247
     379       0.1230
     380       0.1223
     381       0.1260
     382       0.1257
     383       0.1223
     384       0.1292
     385       0.1285
     386       0.1243
     387       0.1307
     388       0.1269
     389       0.1343
     390       0.1315
     391       0.1285
     392       0.1357
     393       0.1307
     394       0.1233
     395       0.1269
     396       0.1248
     397       0.1271
     398       0.1318
     399       0.1236
     400       0.1311
     401       0.1294
     402       0.1348
     403       0.1329
     404       0.1317
     405       0.1381
     406       0.1247
     407       0.1273
     408       0.1256
     409       0.1342
     410       0.1363
     411       0.1313
     412       0.1250
     413       0.1306
     414       0.1286
     415       0.1281
     416       0.1323
     417       0.1342
     418       0.1352
     419       0.1286
     420       0.1358
     421       0.1333
     422       0.1304
     423       0.1241
     424       0.1284
     425       0.1323
     426       0.1468
     427       0.1388
     428       0.1286
     429       0.1351
     430       0.1290
     431       0.1355
     432       0.1345
     433       0.1335
     434       0.1353
     435       0.1288
     436       0.1330
     437       0.1343
     438       0.1327
     439       0.1256
     440       0.1352
     441       0.1316
     442       0.1328
     443       0.1319
     444       0.1301
     445       0.1326
     446       0.1380
     447       0.1347
     448       0.1355
     449       0.1308
     450       0.1344
     451       0.1307
     452       0.1348
     453       0.1383
     454       0.1280
     455       0.1375
     456       0.1369
     457       0.1332
     458       0.1369
     459       0.1344
     460       0.1451
     461       0.1297
     462       0.1329
     463       0.1322
     464       0.1432
     465       0.1299
     466       0.1397
     467       0.1367
     468       0.1345
     469       0.1313
     470       0.1406
     471       0.1415
     472       0.1310
     473       0.1364
     474       0.1303
     475       0.1435
     476       0.1413
     477       0.1449
     478       0.1323
     479       0.1279
     480       0.1385
     481       0.1425
     482       0.1384
     483       0.1306
     484       0.1303
     485       0.1410
     486       0.1318
     487       0.1421
     488       0.1324
     489       0.1399
     490       0.1380
     491       0.1323
     492       0.1329
     493       0.1308
     494       0.1339
     495       0.1447
     496       0.1350
     497       0.1384
     498       0.1376
     499       0.1334
     500       0.1367
     501       0.1445
     502       0.1360
     503       0.1402
     504       0.1363
     505       0.1481
     506       0.1427
     507       0.1406
     508       0.1365
     509       0.1377
     510       0.1453
     511       0.1398
     512       0.1377
     513       0.1413
     514       0.1520
     515       0.1514
     516       0.1342
     517       0.1382
     518       0.1380
     519       0.1360
     520       0.1432
     521       0.1400
     522       0.1455
     523       0.1436
     524       0.1390
     525       0.1353
     526       0.1483
     527       0.1449
     528       0.1423
     529       0.1471
     530       0.1400
     531       0.1345
     532       0.1421
     533       0.1457
     534       0.1412
     535       0.1484
     536       0.1301
     537       0.1391
     538       0.1395
     539       0.1358
     540       0.1397
     541       0.1342
     542       0.1379
     543       0.1426
     544       0.1443
     545       0.1471
     546       0.1405
     547       0.1463
     548       0.1460
     549       0.1386
     550       0.1370
     551       0.1358
     552       0.1524
     553       0.1486
     554       0.1424
     555       0.1426
     556       0.1371
     557       0.1491
     558       0.1417
     559       0.1450
     560       0.1470
     561       0.1468
     562       0.1409
     563       0.1359
     564       0.1377
     565       0.1412
     566       0.1531
     567       0.1447
     568       0.1381
     569       0.1484
     570       0.1482
     571       0.1494
     572       0.1405
     573       0.1478
     574       0.1410
     575       0.1391
     576       0.1542
     577       0.1403
     578       0.1498
     579       0.1339
     580       0.1465
     581       0.1451
     582       0.1504
     583       0.1463
     584       0.1460
     585       0.1432
     586       0.1394
     587       0.1467
     588       0.1402
     589       0.1488
     590       0.1397
     591       0.1513
     592       0.1503
     593       0.1366
     594       0.1514
     595       0.1434
     596       0.1444
     597       0.1517
     598       0.1418
     599       0.1461
     600       0.1446
     601       0.1417
     602       0.1467
     603       0.1415
     604       0.1522
     605       0.1448
     606       0.1485
     607       0.1499
     608       0.1403
     609       0.1453
     610       0.1555
     611       0.1438
     612       0.1514
     613       0.1500
     614       0.1488
     615       0.1431
     616       0.1403
     617       0.1474
     618       0.1412
     619       0.1508
     620       0.1460
     621       0.1473
     622       0.1456
     623       0.1453
     624       0.1511
     625       0.1485
     626       0.1462
     627       0.1520
     628       0.1552
     629       0.1413
     630       0.1536
     631       0.1548
     632       0.1500
     633       0.1495
     634       0.1446
     635       0.1476
     636       0.1472
     637       0.1494
     638       0.1475
     639       0.1551
     640       0.1505
     641       0.1490
     642       0.1419
     643       0.1583
     644       0.1527
     645       0.1540
     646       0.1495
     647       0.1498
     648       0.1578
     649       0.1489
     650       0.1519
     651       0.1532
     652       0.1514
     653       0.1553
     654       0.1415
     655       0.1537
     656       0.1456
     657       0.1586
     658       0.1502
     659       0.1496
     660       0.1599
     661       0.1488
     662       0.1434
     663       0.1486
     664       0.1426
     665       0.1579
     666       0.1442
     667       0.1551
     668       0.1547
     669       0.1476
     670       0.1578
     671       0.1501
     672       0.1495
     673       0.1450
     674       0.1521
     675       0.1492
     676       0.1417
     677       0.1469
     678       0.1620
     679       0.1495
     680       0.1610
     681       0.1488
     682       0.1478
     683       0.1524
     684       0.1552
     685       0.1484
     686       0.1573
     687       0.1466
     688       0.1502
     689       0.1598
     690       0.1546
     691       0.1483
     692       0.1505
     693       0.1556
     694       0.1587
     695       0.1541
     696       0.1539
     697       0.1653
     698       0.1465
     699       0.1537
     700       0.1488
     701       0.1520
     702       0.1573
     703       0.1533
     704       0.1612
     705       0.1511
     706       0.1529
     707       0.1468
     708       0.1498
     709       0.1620
     710       0.1482
     711       0.1611
     712       0.1681
     713       0.1502
     714       0.1578
     715       0.1519
     716       0.1488
     717       0.1565
     718       0.1558
     719       0.1623
     720       0.1541
     721       0.1588
     722       0.1576
     723       0.1641
     724       0.1571
     725       0.1611
     726       0.1524
     727       0.1568
     728       0.1575
     729       0.1662
     730       0.1542
     731       0.1570
     732       0.1583
     733       0.1539
     734       0.1568
     735       0.1563
     736       0.1506
     737       0.1628
     738       0.1603
     739       0.1605
     740       0.1601
     741       0.1625
     742       0.1604
     743       0.1515
     744       0.1602
     745       0.1572
     746       0.1574
     747       0.1584
     748       0.1504
     749       0.1537
     750       0.1725
     751       0.1599
     752       0.1642
     753       0.1483
     754       0.1629
     755       0.1516
     756       0.1610
     757       0.1672
     758       0.1548
     759       0.1667
     760       0.1558
     761       0.1635
     762       0.1607
     763       0.1527
     764       0.1656
     765       0.1660
     766       0.1494
     767       0.1581
     768       0.1614
     769       0.1607
     770       0.1564
     771       0.1518
     772       0.1540
     773       0.1562
     774       0.1536
     775       0.1521
     776       0.1600
     777       0.1561
     778       0.1620
     779       0.1631
     780       0.1704
     781       0.1561
     782       0.1584
     783       0.1649
     784       0.1612
     785       0.1470
     786       0.1537
     787       0.1574
     788       0.1590
     789       0.1609
     790       0.1532
     791       0.1641
     792       0.1622
     793       0.1506
     794       0.1606
     795       0.1570
     796       0.1637
     797       0.1606
     798       0.1661
     799       0.1600
     800       0.1602
     801       0.1647
     802       0.1724
     803       0.1592
     804       0.1488
     805       0.1699
     806       0.1538
     807       0.1537
     808       0.1724
     809       0.1545
     810       0.1615
     811       0.1628
     812       0.1533
     813       0.1596
     814       0.1657
     815       0.1683
     816       0.1544
     817       0.1597
     818       0.1607
     819       0.1627
     820       0.1627
     821       0.1598
     822       0.1548
     823       0.1611
     824       0.1581
     825       0.1579
     826       0.1625
     827       0.1621
     828       0.1517
     829       0.1578
     830       0.1586
     831       0.1754
     832       0.1599
     833       0.1618
     834       0.1627
     835       0.1632
     836       0.1539
     837       0.1695
     838       0.1754
     839       0.1644
     840       0.1674
     841       0.1536
     842       0.1664
     843       0.1633
     844       0.1682
     845       0.1609
     846       0.1630
     847       0.1549
     848       0.1603
     849       0.1685
     850       0.1605
     851       0.1670
     852       0.1654
     853       0.1602
     854       0.1627
     855       0.1612
     856       0.1694
     857       0.1645
     858       0.1703
     859       0.1569
     860       0.1634
     861       0.1636
     862       0.1562
     863       0.1701
     864       0.1644
     865       0.1597
     866       0.1669
     867       0.1596
     868       0.1570
     869       0.1623
     870       0.1612
     871       0.1631
     872       0.1677
     873       0.1618
     874       0.1625
     875       0.1551
     876       0.1576
     877       0.1722
     878       0.1672
     879       0.1590
     880       0.1628
     881       0.1554
     882       0.1696
     883       0.1632
     884       0.1532
     885       0.1716
     886       0.1589
     887       0.1687
     888       0.1640
     889       0.1654
     890       0.1710
     891       0.1639
     892       0.1647
     893       0.1632
     894       0.1692
     895       0.1686
     896       0.1659
     897       0.1574
     898       0.1598
     899       0.1738
     900       0.1726
     901       0.1579
     902       0.1588
     903       0.1565
     904       0.1578
     905       0.1680
     906       0.1570
     907       0.1699
     908       0.1647
     909       0.1712
     910       0.1560
     911       0.1502
     912       0.1620
     913       0.1608
     914       0.1586
     915       0.1653
     916       0.1569
     917       0.1604
     918       0.1624
     919       0.1585
     920       0.1636
     921       0.1537
     922       0.1653
     923       0.1580
     924       0.1581
     925       0.1658
     926       0.1556
     927       0.1678
     928       0.1629
     929       0.1655
     930       0.1578
     931       0.1588
     932       0.1578
     933       0.1749
     934       0.1670
     935       0.1601
     936       0.1636
     937       0.1629
     938       0.1560
     939       0.1650
     940       0.1675
     941       0.1770
     942       0.1609
     943       0.1590
     944       0.1593
     945       0.1649
     946       0.1555
     947       0.1609
     948       0.1644
     949       0.1669
     950       0.1711
     951       0.1686
     952       0.1603
     953       0.1546
     954       0.1568
     955       0.1578
     956       0.1622
     957       0.1710
     958       0.1536
     959       0.1562
     960       0.1590
     961       0.1737
     962       0.1523
     963       0.1661
     964       0.1599
     965       0.1614
     966       0.1542
     967       0.1680
     968       0.1600
     969       0.1486
     970       0.1557
     971       0.1535
     972       0.1617
     973       0.1595
     974       0.1553
     975       0.1724
     976       0.1563
     977       0.1665
     978       0.1650
     979       0.1551
     980       0.1524
     981       0.1640
     982       0.1614
     983       0.1588
     984       0.1799
     985       0.1608
     986       0.1718
     987       0.1630
     988       0.1495
     989       0.1534
     990       0.1646
     991       0.1615
     992       0.1609
     993       0.1644
     994       0.1611
     995       0.1648
     996       0.1689
     997       0.1678
     998       0.1634
     999       0.1569
    1000       0.1515
