
Resp charges for organic molecule                                               

iqopt   irstrnt  ihfree     qwt
  2      1      1        0.001000

 rel.rms   dipole mom       Qxx      Qyy      Qzz
    0.19777   2.58075  12.12152 -12.08364  -0.03787

          Point charges before & after optimization
    NO   At.No.    q0           q(opt)   IVARY  d(rstr)/dq 
     1     6  -0.320612      -0.369540    0    0.002612
     2     6  -0.293078      -0.369540    1    0.002612
     3     6   0.079936       0.079936  -99    0.007811
     4     7  -1.090488      -1.090488  -99    0.000913
     5     6   0.352915       0.352915  -99    0.002726
     6     6   0.530939       0.530939  -99    0.001851
     7     6   0.045540      -0.004140    0    0.009991
     8     7  -0.416317      -0.416317  -99    0.002336
     9     8  -0.654055      -0.654055  -99    0.001511
    10     8  -0.654055      -0.654055  -99    0.001511
    11     6  -0.252298      -0.216865    0    0.004187
    12     6   0.072585       0.011081    0    0.009939
    13     6   0.141450       0.139660    0    0.005822
    14     6  -0.294701      -0.217835    0    0.004172
    15     1   0.138535       0.167782    0    0.000000
    16     1   0.129934       0.167782   15    0.000000
    17     1   0.147690       0.167782   15    0.000000
    18     1   0.128086       0.167782   15    0.000000
    19     1   0.083610       0.083610  -99    0.000000
    20     1   0.403519       0.403519  -99    0.000000
    21     1   0.403519       0.403519  -99    0.000000
    22     1   0.001273       0.001273  -99    0.000000
    23     1  -0.013859       0.037979    0    0.000000
    24     1   0.048015       0.037979   23    0.000000
    25     1   0.234244       0.234244  -99    0.000000
    26     1   0.393371       0.393371  -99    0.000000
    27     1   0.393371       0.393371  -99    0.000000
    28     1   0.026935       0.059328    0    0.000000
    29     1   0.092880       0.059328   28    0.000000
    30     1  -0.019479      -0.002431    0    0.000000
    31     1  -0.009115      -0.002431   30    0.000000
    32     1  -0.008682      -0.016446    0    0.000000
    33     1  -0.018169      -0.016446   32    0.000000
    34     1   0.071337       0.045803    0    0.000000
    35     1   0.059678       0.045803   34    0.000000
    36     1   0.065547       0.045803   34    0.000000

        Statistics of the fitting:
  The initial sum of squares (ssvpot)                      1.297
  The residual sum of squares (chipot)                     0.051
  The std err of estimate (sqrt(chipot/N))               0.00245
  ESP relative RMS (SQRT(chipot/ssvpot))                 0.19777

 Dipole Moment (Debye)=   2.58075
